933821729922781189
933821994730184705
933822288830623744
933829216667361281
933842277725765632
933852021987344384
933963049479888896
933963344461082625
933963641879191552
933988128242708480
934004636108967936
934005282660896768
934005729593315330
934112336960544768
934132881915613185
934335334963449857
934376971517165568
934414647486287872
934460043369558017
934503936496726017
934547828319440896
934716167750606848
934731956054568960
934770843099414528
934785700481859584
934822399106801664
934871406206177285
935051603207426048
935097926887538688
935207402827321344
935215840647098368
935266069559808000
935422204136828928
935489081139744768
935554494422831104
935608722314981377
935646348845764608
935781163221815296
935850294432366593
935916775782395904
935966651438305285
936137113942228997
936212524894183425
936279202030080001
936309022210314240
936356614231248896
936499778678067200
936575178905137152
936641049304485888
936692125680402433
936874079662964738
936939318580523008
936993158239580160
937042791393300480
937342604475289601
937387994721476608
937439607607709696
937454875293765633
937568491854581760
937596979458334721
937675430680776705
937736924630081537
937778741949947904
937810836189564933
937932363119628288
938024796679491584
938090652469989376
938143257833467904
938311144720224256
938386619895296000
938461610770878464
938515287485353985
938655320888537088
938750218954264576
938815776445882368
938854635544162304
939036739775053830
939118993947930625
939178313003749376
939228295081660416
939249160557092864
939419367539920896
939458812020449280
939527179540615168
939787655579160576
939836818547265536
939888836473212929
939946642085679105
940115273864110080
940200369568837638
940265285159936005
940337494826119168
940476162182205440
940561495750008833
940628189570879489
940684354619101184
940849531805106176
940923330567331841
940997731136495616
941047102272098305
941766526297878528
941766535277957120
941766541032542209
941766546610892800
941766969858150401
941939526951489537
942003430243098624
942073693945106437
942316295508422656
942367788559228930
942532107032760320
942653762954555392
942727894291353600
942784180622118912
942840811527573504
943022986906521600
943097475472257025
943168012923830272
943218644250656768
943385714984673281
943443982604013569
943526789154000896
943748566383845376
943847448350519296
944005147625250816
944103989838274561
944155925929185280
944203753690976256
944265484299579394
944474816781877248
944537829866123264
944582594703872001
944631880065994752
944842446730682368
944888157987852288
944935104190787584
944988031412563968
946084360368934913
946129181363945472
946298698140667904
946356525982978051
946435092125245440
947908195669901312
947958016413970437
948095064554856449
948171082284109825
948237978262016000
948287028743073798
948312376859938816
948534145554231296
948600066532667395
948665721617375233
948826970883846146
948903059798806528
948943813321650176
948998233921150976
949403484448845824
949573726630240256
949615395631259649
949675658220892162
949720964522266624
949762735880966144
950084737636421632
950142709167263744
950270740170932224
950333061073457152
950370741203226624
950414003796406273
950464935615782912
950627824632782849
950696560005931009
950737191302520835
950776825684418560
950805839534788608
950996304401960960
951070485827276809
951139359599841280
951187035825606656
951360170965241857
951434682079633410
951500962987945984
951568972541038596
951585668643385344
951722415423451136
951786526475800576
951884936461549568
951938241644630016
952103700125929472
952160181802209281
952223395458027525
952302076226408449
952468069212917766
952509388534812672
952557766350131200
952611591253618690
952825522458906625
952883883695058945
952955078222204928
952994930619768832
953171232538746882
953245644541644801
953383824553140224
953532172308271105
953596957720743936
953669948647378945
953746452618072064
953910612316344325
953960212477677569
954026124484456449
954077239582384128
954271224590454784
954324098930311169
954400144258199552
954448211736920064
954630263996342272
954686962635624448
954759564636884995
954809869667880968
955005982274355200
955118255148068864
955165918086225920
955344077704323073
955419830718431232
955486043024838656
955574141784088576
955707653048733696
955783832246083584
955848412095803392
955897203675074561
956070180035219456
956143605969715200
956211353877995521
956432693125943296
956508389777068032
956573352629555201
956629981756624897
956795268531478528
956869027368001536
956935711424417793
956996063893868545
958434980073533440
958608446991077376
958680874593091584
958757080634097664
958804635988516864
958969398353711104
959042290953179137
959111873244344321
959173762267664384
959335287519371264
959398844499972097
959473101712084992
959520054130958337
959712618842816512
959828862854148097
959860715749244929
959945870367129603
960067977881243648
960124419065745408
960172910940958722
960252170347085824
960421084377112577
960493036865294336
960559896692445184
960616778329096192
960779878072074241
960855169272614912
960922339167830021
960970964497465346
961380098132860928
961503104482017280
961569213419794433
961649476871090176
961707167219945473
961901414061617152
961942973503213568
962008114932236288
962053021646577664
962232480400134144
962298782296797184
962383004759937025
962465076438601728
962466190982598657
962766231899164684
962956154560286720
963031903216525313
963131041375453185
963317776332066817
963392901790171136
963496552865128448
963693682934165506
963764689498001408
963855605470498816
964043438948745216
964113361674924032
964226633434615812
964423517872652288
964477061028073472
964569237716197378
964776637987545088
964922595077443585
965146909680787459
965267390148866049
965495146690351105
965568245695729664
965676386387156993
965854889111846912
965930847957372928
966025319894470657
966218462782779393
966293627520667648
966357693534437382
966578847142612992
966655118149148673
966731989830262784
966941229303832578
967021755872276481
967115510797258752
967313228744347648
967432905730547714
967498674615083008
967686172922269697
967733614027866117
968031128497074176
968112576478539776
968170250750627842
968392212127125505
968466169521950722
968531770416254977
968756111254925314
968828758605094913
968899803848552448
969117100508839938
969191290901540865
969260891278659585
969477492842131456
969551722015350784
969886124993929216
969931847605071872
970569206818320384
970643518879420417
970932150185943040
971002973634617344
971291685882945536
971363561883754496
971434128439742465
971656295433560064
971729178855952384
972018047954366464
972091799497043968
972162733171970056
972899068262387713
973119576870391808
973202789806563328
973462646321242112
973576416976670720
973846166663184384
973900182067777536
974210180211789824
974267028503760896
974551758784544769
974645259257958400
974926183023497216
974996715379052549
975639804896522240
975716736283693056
976005530278924288
976075884141731840
976363917780881409
976437843697561601
976727440033763330
976799510176436224
977089513460850688
977162478365929472
977577390972002304
977630217782120448
977668763461005313
977809106248585216
977878970103484416
978018709980762114
978162909355397123
978235657528193024
978390322748248070
978524986183995392
978610973979414528
978683627474182146
978754053718061057
978885526228004864
978952063429369856
979035390198910976
979123510537850881
979248639066476544
979284480178483200
979339374080004096
979413433253879808
979507150560120838
979632363071262721
979683152103911424
980050834242359296
980119950949052417
980434643479678976
980847466458374146
980875791310389248
981062258536173568
981129878992052225
981273188243005441
981424651615293442
981500884017451009
981786273626120197
981859169086201856
982148001060630528
982221655161188352
982561429999050752
982617742930010112
982913187635957760
982958892090044416
983025571562184704
983235432258461697
983310943605219328
983597405080883200
983670779421347840
983960424050757633
984033976074547201
984322305215123456
984395524131446784
984686452494741504
984758097087467525
984906893180264450
985080785798684672
985141449447690240
985530530723704832
985771942933352448
985835726544736256
985886407922155521
986139368569147392
986222597754015744
986494960487804928
986574945001136128
986856150980268032
986925940679815168
986975920568315904
987225927846375424
987296705065488385
987353772983713792
987596074398486528
987652356438446080
987797910573273090
987798361267953664
988308079589625856
988412685527277573
988672150658867200
988746202224254976
989032481834881024
989116156874297345
989401604163031040
989469115525074944
989759505733844994
989833701466017792
990135719619375104
990186452150575104
990846328795262976
990919786199748609
991208305979805698
991282885700259840
991570092868632577
991649317864820736
991931508050006016
992005166693003265
992296440301928448
992366925517938689
993522167345242113
994469399418605568
994544909309939713
994833932779651072
994909704722829313
995208324110045184
995252969317773312
995584545683582977
995651678593536001
996281951752540160
996354440901922816
996645166839721984
996717332947984385
997006777962188801
997080113345908736
997370887480504320
997532075766046723
997726010614444032
997796832976744448
998455501414387713
998528169891201024
998816137306664960
998897322514886656
999180730017243136
999251116406792192
999542766379126784
999616502654435333
999907643782135808
999982444689416193
1001226918107246592
1001356496742047744
1001428459829256194
1001720568746532865
1001789783306272770
1002079311917182976
1002152525557063680
1002442373245341697
1002513865563926528
1003529389370470400
1003601537296420865
1003891378844241920
1003963951351255040
1004254494341894145
1004326892147789824
1004616342601895937
1004980993206444032
1005052225243303937
1005921143918944257
1006061299246272513
1006138721090113537
1006422799907545090
1006497723732910080
1006791219371036674
1006864105033039872
1007153670801317888
1007226873674334208
1007516712529465344
1007587432013942784
1008602676152631298
1008675568295071744
1008819687898124288
1008965190656905218
1009038097789673473
1009326568668360705
1009400638336393216
1009690389006225408
1009762884623241217
1010052192995291136
1010125605084581888
1011140194307895296
1011212121974198273
1011502231353483264
1011580553274036224
1011869348091265024
1011943167061569536
1012235983100792832
1012298023156768769
1012601600261619712
1012657396722950145
1013671247488708608
1013752563814920192
1014044018714533888
1014121642379890690
1014417557158334464
1014504030113009664
1014764213481476097
1014833791179816960
1015145958047473665
1015210369088937984
1015978120225218560
1016210593588699137
1016285393191428096
1016575873737281538
1016648139607105536
1016790099764408322
1016938896582639616
1017011775034798080
1017311127590658050
1017371641582686208
1017659591902093313
1017732640970067969
1018748927099711494
1018822072481566721
1019113743156989953
1019184722457579523
1019475255587430401
1019548104868188161
1019836378534858752
1019910126499713024
1020200242631913472
1020270715445088256
1020548831958781953
1020621375348854785
1020936746106793984
1020987077935214592
1021382389694697472
1021648560444649473
1021723820141494274
1022010215741497345
1022080288522944513
1022373498797416448
1022446579754692608
1022736095434485761
1022807400003383296
1023822777596428288
1023897291609059328
1024185324002574336
1024258260235366400
1024548531137376256
1024620521424646144
1024909564628623360
1024984005907755008
1025271661841408000
1025344671235682304
1026356643041292288
1026429098451722246
1026720710817972224
1026788282108190722
1027079000039010310
1027151021737472005
1027444070849949696
1027537479128297473
1027805507736743936
1027881205092569089
1028894602261159936
1028969555006246912
1029258988972584960
1029331811816677376
1029621097635962880
1029694489231810560
1029985012962258944
1030056466764496901
1030346502512803840
1030418420066660352
1031433246091948032
1031507626780229633
1031796190042640384
1031869483357536256
1032158205886046208
1032231571347197952
1032519767675101184
1032592715429683201
1032882326680887296
1032956731301785602
1034330656275345409
1034404035665772544
1034704529273573376
1034757453185994754
1035054477177446400
1035129098723631104
1035420360110469120
1035490658298023937
1036494328246480896
1036561700915433472
1036861081031864320
1036915600738725888
1037226641527910405
1037277256589234176
1037588347651325953
1037641091661611008
1037950224558374913
1038003422178553856
1039048796561436672
1039109779518640128
1039465493030207488
1039512454705733634
1039790589951336448
1039839247623225344
1040126486378950656
1040199133083181056
1040502324328914946
1040579523249664001
1043769317899288577
1045385523651588096
1061053908007747584
1065147039179317248
1065229437346750464
1065508416821571585
1065584841654185984
1065709642225995778
1065874892900499456
1065946878574043136
1066960587006066688
1067033049567776770
1067317556795584512
1067393700265889799
1067682635886051333
1067762128134856706
1068043055603830784
1068118889530384391
1068407896055209985
1068477091337916417
1068779633758351361
1069491993796059136
1069570862985224192
1069853721880903680
1069934039367340032
1070216705819979776
1070303750047309824
1070581782377050112
1070658828000247809
1070942293497167872
1071018936639111168
1072030575886778368
1072108215012352000
1072392069191217152
1072470149360422912
1072757114207113216
1072838537509289986
1073118576050089984
1073194244758794247
1073483254920032256
1073556483953094657
1074568259385597952
1074644881446981637
1074931745676496896
1075007567745699840
1075298247923642368
1075374357260722176
1075658433746083840
1075730582901063681
1076018649918570497
1076102868741115904
1080367515522482176
1080433371732496385
1080731213697073152
1080796401704013824
1081094551375360001
1081162369294848000
1082176050451415041
1082247826233589760
1082541455581814785
1082609265913794560
1082901182354464770
1082976423915241472
1083265620475551744
1083341801287794688
1083626206954749954
1083705373650010112
1084714522844282880
1084790910678908929
1085077261898973185
1085154007830667265
1085464783665664000
1085517572819374080
1085798086880911361
1085885489805172736
1086164652189499392
1086240699278913537
1087252967697403905
1087328984080228352
1087614784965627906
1087696189133344768
1087977074407735296
1088053540403195905
1088339343796830208
1088415879006691328
1088704939772297216
1088777599332089857
1089789268598423552
1089864918847897601
1090153180607012864
1090234418206265344
1090515103638802432
1090589114557186050
1090877620198277120
1090954093609267200
1091238864788824064
1091313390209908740
1092325821287669760
1092401800148369409
1092689328248111105
1092765078351462400
1093050657676976129
1093126909339279365
1093413167403880448
1093488506683490304
1093776830543339520
1093853075494920192
1094861228986589184
1094931433246859264
1095223387943772160
1095300176040943616
1095586108216356864
1095659649766998016
1096309422840864768
1096385996059537408
1097405153081204736
1097475919537758208
1097768584200245248
1097835241220251648
1098129354045997057
1098204269784821760
1098484055396573184
1098566394671702021
1098846441253031936
1098929400622522370
1099939941923065856
1100005077404782593
1100298758389157890
1100378005430562816
1100670068302712832
1100729707149123585
1101026100635938817
1101092000001150981
1101387087419490304
1101457278593576960
1102479372282417152
1102542383282089985
1102845051800117251
1102905084453761025
1103213924047044608
1103271758482812928
1103404558280257537
1103565026571489281
1103641212328861696
1103929985729945600
1103993816355405824
1105007475328200704
1105089104650387456
1105379833075453952
1105447365941624832
1105733863232413696
1105809557836783616
1106095377361575936
1106169826379292672
1106458144539140096
1106533033941835776
1107567664095002624
1107617289136992256
1107914975887134720
1107983104524853249
1108273362827128832
1108338673098113024
1108637618877710336
1108704756690763776
1109011116397608960
1109064382607249408
1110091695834701826
1110151605444321280
1110455388242104320
1110514752302862336
1110803933772070912
1110904139582767104
1111185016837599232
1111243790218596355
1112615812765024256
1112681699584999426
1112982979100532737
1113043656418779141
1113344694522609666
1113401915721883649
1113710177289740288
1113761892873461760
1114062805936824320
1114124466106372096
1115157634573905922
1115262076216328192
1115513007004684288
1115570925678858246
1115879714722385920
1115938941000192002
1116237166844284929
1116295512012021760
1116597621919903745
1116661362422427648
1117686003857264641
1117752125524725760
1118051848450129920
1118109416665034753
1118414503773986816
1118470446918320128
1118773850643271680
1118836565629984768
1119200010204274689
1119266360985518080
1120326195164401664
1120355687941451776
1120585166374821888
1120647028789448704
1120951755653754881
1121013000276774912
1121312387263545344
1121370403312689152
1121667318692470784
1121733177536655360
1122747112146591744
1122818631216373761
1123115973295378432
1123184076998041600
1123482647022448641
1123553317685288960
1123842313841778688
1123908875772678145
1124207416617459712
1124271244688412672
1125646455513989120
1125717178702082050
1126011447606116352
1126092091367591936
1126366273779249153
1126456129108758528
1126736181880770561
1126809857724768257
1127824537347919873
1127894980629020673
1128187285147664384
1128274911322169345
1128547591933911040
1128645324279635968
1128916817588686849
1128984130442682370
1129280566053003264
1129347544612507648
1130357388308041728
1130431083147923456
1130721870779768832
1130795340179935233
1131082897723658240
1131156213381701632
1131444330449776640
1131516377234378752
1131808295142998016
1131881044934889477
1133255980194639878
1133339083865022465
1133620378495066117
1133697076557164545
1133981461416206337
1134060768574541826
1134343934921060352
1134422920497963009
1135437627828649984
1135507059888275456
1135795460130652160
1135873859993919488
1135999905686859779
1136159450333667328
1136231076203044864
1136518522207690757
1136591410365435904
1136880100220309505
1136964379990274048
1137970355086274560
1138046676411830273
1138335537901817856
1138402705276375040
1138693081316954112
1138771747359068161
1139053808561119232
1139127866178883584
1139417339118514177
1139490665274990592
1140505475869564928
1140583396906852353
1140873311938895873
1140942383422554112
1141229905490915328
1141305168849506304
1141602565743894528
1141670226037288963
1141958805451956224
1142030209249632256
1143048524956917760
1143120312722165761
1143411199129935872
1143479050733838336
1143773737705193473
1143840602410442752
1144137634471718918
1144201727249387521
1144493354706558978
1144574834195779586
1145581434356326400
1145627576775454721
1145944896957812736
1145988612451897344
1146309247136915456
1146347473226670080
1146663851003396096
1146709394769534976
1147019425306071040
1147072540667535360
1148156725003980800
1148195416602808326
1148484005039353856
1148559059416768512
1148842362627645440
1148911296231944192
1149208414255493120
1149281271048265729
1149568485179084800
1149645691997655044
1150649526778249221
1150724728270798848
1151012982970900481
1151086961769287681
1151379086746497024
1151450160729403392
1151743652571549699
1151809886994481152
1152110086850060288
1152178607537774592
1153189946997596161
1153271421772206086
1153549168671109120
1153625409331912704
1153914940086018050
1153985336256712706
1154277800507006976
1154351269831749633
1154638987203678209
1154712315738152960
1155725806414508032
1155800265280380929
1156087290483159040
1156172935964610560
1156449526024155141
1156563558081138688
1156813067235336192
1160795031248297984
1160883614768406529
1161160422709485568
1161234321564426240
1161524313016721408
1161598638335901696
1161898230566797312
1161980496429178881
1162253080110354433
1162323780406038528
1163346383539265536
1163414008361377792
1163702736292110336
1163775233318367232
1164063526983491585
1164142445367631872
1164436845310164993
1164495117513830400
1164791470571708421
1164868820936417285
1166242583229685766
1166322972413628417
1166592788844204032
1166695109842362369
1166961990587301890
1167040291238502400
1167328822905077760
1167395394998980608
1168415698294587393
1168495791062863878
1168775601030926337
1168853942077407233
1169146119558979586
1169205575802114048
1169504313737187328
1169597514091311104
1169859158771847168
1169962652459814915
1170007563934605317
1170007974921867266
1171020974839468032
1171322802810576896
1171382268130201605
1171681766517723136
1171765574059249666
1172528720869036032
1173925048517824512
1174327990865551360
1174672706039635969
1175063888297168896
1176120935537094656
1176469584293105665
1176857397882740741
1177221371560124416
1177587225900531712
1178662466240352256
1179037755013091331
1179376368003506178
1179778720455888898
1180117002716958720
1181184434562850817
1181859549080428544
1182200698374692864
1182651937939963904
1183636306586492928
1184046503914016769
1184789810625634305
1185178130346074112
1186355184064180225
1186601579274747905
1186986336991006720
1187369490121547776
1187765289099894785
1188736746722414592
1190286213548314624
1191298144123768832
1191725205216993280
1192003844676476928
1192392216741924864
1192812845462937600
1193791459608211456
1194204787161612289
1194563206674554880
1194927798248497157
1195284490236682241
1196438289303162881
1196724747331084288
1197168067832406019
1197531696637329408
1198000549326737413
1199005709561712640
1199340765912059907
1199657306914463746
1200070129322725377
1200381364622807046
1201103166512738304
1212142605292703745
1212747751903109120
1213103177979088896
1214188289856548864
1214525480931598336
1214813687678197760
1215271245148835844
1215639955118206976
1216710415637413889
1217033400340680705
1217389764665585664
1217758724137406465
1218122811035791360
1219216171863506944
1219574253525307392
1219924977480347648
1220340318891134976
1220705685035458561
1221749969843118080
1222097606198820865
1222446012515733504
1222896262636134408
1223235784083374081
1224714600744148994
1224951208231735298
1225350087259324419
1225782179306901505
1226862581551370240
1227216527935639552
1227599484831567873
1227974962478276608
1228308496682233861
1229412312223748096
1229760822940962817
1230146372973756418
1230410226278567938
1230838637790683136
1231944462202548224
1232222975472078853
1232691455820521474
1233021471976501248
1233377604067045377
1234548775156318209
1234810182334582785
1235242294976143361
1235535272676405249
1235934420114210818
1236951660435472384
1237333579186745344
1237673193063710720
1238059138598473728
1238393223103553537
1239517063040958466
1239843604711038976
1240245147583070208
1240705215659012096
1240997302116012032
1242039075160367104
1242408767213486080
1242762454742032384
1243096914075226113
1243435620296523776
1244557139722502146
1244916498956718081
1245249407735549952
1245608782752673793
1245977812001067008
1247418577197641729
1247817361853480961
1248183648274337797
1249988948706934787
1250352602199420928
1250711525687525376
1251083784491016194
1252166069265010694
1252527815867629568
1252897621619990529
1253263169419726850
1254740038161702912
1255097806546702337
1255461574430638080
1255777785014075392
1256143397733138433
1257232991362985984
1257552051246116867
1258044733210988547
1258722191107031040
1259744150263652354
1260106232033132544
1260445978227859458
1260821227540754432
1261204899154575360
1262294213691158529
1262643712368263170
1263029120071540741
1263369420262514688
1263732283275726849
1264804560247324677
1265167581700411392
1265630929780965376
1265893474395664384
1266274638591520769
1267372113377275904
1267734357994811392
1268058544278065152
1268464167754891265
1268802550289117186
1269908245700804608
1270259788824313856
1270591607931363328
1270973597885050880
1271343772320911360
1272485547118919681
1272800196834013184
1273164348928724996
1273513253247889408
1273916397928800256
1275008955664793600
1275336101184655365
1275701670597533700
1276060003758223360
1276437854340644866
1277573510068658176
1277892236026482689
1278251708741816320
1278624186391498759
1280067566854189056
1280432312203841537
1280766995483504641
1281107776576655360
1281513492965740544
1282603399356309504
1283006977573040128
1283336528291299328
1283660178597072897
1284049041957978112
1285158932596625408
1285484640938209280
1285835613980307457
1286212317751971840
1286546870169473024
1287692429701808128
1288023456936796160
1288392343306080256
1288749466074394624
1289137428079542272
1290275639233146882
1290646496904384516
1290936670196563973
1291305853274947588
1291615012419756032
1292743145856393216
1293088892309180417
1293460851446484992
1293829024955981824
1294196795522908160
1296331312228372481
1296694391780921345
1298173364570382336
1298555454981910528
1298932534261284865
1299283116062904325
1301075171952988160
1301447801851834368
1301810749191446530
1302907569615310848
1303306135546585094
1303610271735451648
1304029490994184193
1304387795507650561
1305443356353474565
1305814347730636801
1306205800751398912
1306491586847612928
1306883052296118272
1308005268983369728
1308309471266037762
1308698097585979397
1309058743771033600
1309430209783959556
1310523599418208257
1310875175387303937
1311214616542941189
1311597183477731328
1311958343020412931
1313047693225271297
1313398968030834689
1313737002504908801
1314142129829142528
1314483336132415490
1315587780995698689
1315951911871414272
1316298718019284997
1316644016419729524
1317035042284199936
1318115256649064448
1318442337438150656
1318846509736185857
1319206881185857537
1319541582329204737
1320670478021894144
1320998802296365056
1321342151935053826
1321706096512405505
1322068969776435200
1323167972618248192
1323526444933414912
1324298429154156545
1324643766507053058
1325697299138359296
1326058629729054720
1326449528531263488
1326784102339661824
1327157506276200449
1328282195644059648
1328629851297882119
1328963292233166854
1329341475839234048
1329784495319502848
1330814183391289344
1331179426260856838
1331546072578134016
1331898429958725634
1332219186949591041
1333312060957085696
1333682199099568132
1334080805333774336
1334429052975853569
1334806459130011649
1335889788071768065
1336241827809284097
1336586833883488258
1337028409122312192
1337349311139549184
1338415837577961477
1338741802267013120
1339122939975901184
1339488851694383106
1339877652929245184
1346022762033410050
1346352449863495680
1346716096515158016
1347077419568685056
1348547958988484608
1348935543472726016
1349256171115470849
1349633415860121600
1350005204406726660
1351106397749047297
1351485607462248451
1351828801953660929
1352209341324152832
1352536551453044738
